00111502716
AAKASH SIDHWANI
SID: 190000091877
SchemeID: 190272016001
27301(4)
21 37
58(B+)
98301(1)
24 49
73(A)
27303(4)
18 62
80(A+)
28303(4)
13 27
40(P)
27307(4)
17 53
70(A)
99311(3)
18 63
81(A+)
27351(1)
30 50
80(A+)
98351(1)
35 49
84(A+)
27353(1)
32 42
74(A)
27357(1)
29 46
75(A+)
28357(1)
27 50
77(A+)
27359(1)
33 51
84(A+)
26
00111507216
AKSHAY KUMAR
SID: 190000098109
SchemeID: 190272016002
27301(4)
2 5
7(F)
98301(1)
5 21
26(F)
27303(4)
6 26
32(F)
28303(4)
0 3
3(F)
27307(4)
3 23
26(F)
99311(3)
15 34
49(C)
27351(1)
16 30
46(C)
98351(1)
20 53
73(A)
27353(1)
20 35
55(B+)
27357(1)
13 40
53(B)
28357(1)
12 45
57(B+)
27359(1)
21 40
61(B+)
9
00211502716
ABHISHEK CHUGH
SID: 190000091878
SchemeID: 190272016001
27301(4)
18 37
55(B+)
98301(1)
23 55
78(A+)
27303(4)
21 53
74(A)
28303(4)
21 66
87(A+)
27307(4)
24 41
65(A)
99311(3)
20 51
71(A)
27351(1)
35 47
82(A+)
98351(1)
33 52
85(A+)
27353(1)
34 40
74(A)
27357(1)
36 54
90(O)
28357(1)
21 52
73(A)
27359(1)
37 54
91(O)
26
00311502716
AKASH
SID: 190000091879
SchemeID: 190272016001
27301(4)
13 30
43(P)
98301(1)
18 53
71(A)
27303(4)
13 48
61(B+)
28303(4)
18 41
59(B+)
27307(4)
21 51
72(A)
99311(3)
21 45
66(A)
27351(1)
31 45
76(A+)
98351(1)
33 46
79(A+)
27353(1)
32 39
71(A)
27357(1)
27 50
77(A+)
28357(1)
24 45
69(A)
27359(1)
34 52
86(A+)
26
00411502716
AKSHAY AGGARWAL
SID: 190000091880
SchemeID: 190272016001
27301(4)
17 28
45(C)
98301(1)
21 63
84(A+)
27303(4)
23 48
71(A)
28303(4)
19 42
61(B+)
27307(4)
23 52
75(A+)
99311(3)
23 54
77(A+)
27351(1)
36 45
81(A+)
98351(1)
34 53
87(A+)
27353(1)
38 55
93(O)
27357(1)
35 53
88(A+)
28357(1)
33 48
81(A+)
27359(1)
34 56
90(O)
26
00511502716
AMARTYO ROY
SID: 190000091881
SchemeID: 190272016001
27301(4)
16 34
50(B)
98301(1)
21 61
82(A+)
27303(4)
18 46
64(B+)
28303(4)
11 45
56(B+)
27307(4)
22 58
80(A+)
99311(3)
17 46
63(B+)
27351(1)
32 44
76(A+)
98351(1)
36 51
87(A+)
27353(1)
36 45
81(A+)
27357(1)
32 53
85(A+)
28357(1)
31 45
76(A+)
27359(1)
34 51
85(A+)
26
00611502716
ANIRUDDHA CHAUHAN
SID: 190000091882
SchemeID: 190272016001
27301(4)
15 38
53(B)
98301(1)
22 55
77(A+)
27303(4)
16 40
56(B+)
28303(4)
15 45
60(B+)
27307(4)
21 59
80(A+)
99311(3)
21 43
64(B+)
27351(1)
35 48
83(A+)
98351(1)
34 54
88(A+)
27353(1)
34 50
84(A+)
27357(1)
35 56
91(O)
28357(1)
32 50
82(A+)
27359(1)
30 55
85(A+)
26
00711502716
ANJALI KHANDELWAL
SID: 190000091883
SchemeID: 190272016001
27301(4)
18 31
49(C)
98301(1)
24 62
86(A+)
27303(4)
23 40
63(B+)
28303(4)
13 57
70(A)
27307(4)
21 68
89(A+)
99311(3)
22 61
83(A+)
27351(1)
33 52
85(A+)
98351(1)
34 56
90(O)
27353(1)
37 48
85(A+)
27357(1)
40 54
94(O)
28357(1)
32 45
77(A+)
27359(1)
38 54
92(O)
26
00811502716
ANKIT RUSTAGI
SID: 190000091884
SchemeID: 190272016001
27301(4)
12 48
60(B+)
98301(1)
20 64
84(A+)
27303(4)
20 43
63(B+)
28303(4)
14 65
79(A+)
27307(4)
21 64
85(A+)
99311(3)
21 62
83(A+)
27351(1)
31 42
73(A)
98351(1)
34 54
88(A+)
27353(1)
34 34
68(A)
27357(1)
32 49
81(A+)
28357(1)
30 46
76(A+)
27359(1)
35 50
85(A+)
26
00911502716
ANUJ THAREJA
SID: 190000091885
SchemeID: 190272016001
27301(4)
20 41
61(B+)
98301(1)
22 58
80(A+)
27303(4)
15 43
58(B+)
28303(4)
16 34
50(B)
27307(4)
20 62
82(A+)
99311(3)
22 48
70(A)
27351(1)
34 49
83(A+)
98351(1)
33 51
84(A+)
27353(1)
33 36
69(A)
27357(1)
39 50
89(A+)
28357(1)
32 50
82(A+)
27359(1)
35 52
87(A+)
26
RESULT TABULATION SHEET
Result Prepared on: 16/04/2019
Result Declared on: 16/04/2019
Page No.: 0090
LEGEND
PAPERID(CREDITS)
Internal External
TOTAL(GRADE)
A: Absent C: Cancelled
D: Detained RL: Result Later
CS: Credits Secured
AP: Already Passed
Result of Programme Code: 027 Programme Name: BACHELOR OF TECHNOLOGY (COMPUTER SCIENCE AND ENGINEERING) Sem./Year: 05 SEMESTER Batch: 2016 Examination: REGULAR December, 2018
S.No. Photo. Roll no./Name CS/Remarks Institution Code: 115 Institution: BHARATI VIDYAPEETH COLLEGE OF ENGINEERING
11
12
13
14
15
16
17
18
19
20
*Passed with Grace Marks
*SID: Student ID; SchemeID: The scheme applicable to the student.
Date on which pdf made: 18/04/2019
RTSID: 2019041602720161150090
01111502716
DEVARSHI MUKHOPADHYAY
SID: 190000091887
SchemeID: 190272016001
27301(4)
18 37
55(B+)
98301(1)
20 52
72(A)
27303(4)
17 27
44(P)
28303(4)
20 63
83(A+)
27307(4)
24 52
76(A+)
99311(3)
19 36
55(B+)
27351(1)
35 51
86(A+)
98351(1)
30 53
83(A+)
27353(1)
37 42
79(A+)
27357(1)
33 51
84(A+)
28357(1)
31 45
76(A+)
27359(1)
38 51
89(A+)
26
01211502716
DIVYANSHU GAIROLA
SID: 190000091888
SchemeID: 190272016001
27301(4)
22 31
53(B)
98301(1)
24 57
81(A+)
27303(4)
20 45
65(A)
28303(4)
21 41
62(B+)
27307(4)
25 48
73(A)
99311(3)
21 67
88(A+)
27351(1)
34 50
84(A+)
98351(1)
33 52
85(A+)
27353(1)
37 50
87(A+)
27357(1)
35 52
87(A+)
28357(1)
32 45
77(A+)
27359(1)
38 55
93(O)
26
01311502716
GAURAV JAIN
SID: 190000091889
SchemeID: 190272016001
27301(4)
19 42
61(B+)
98301(1)
19 51
70(A)
27303(4)
19 56
75(A+)
28303(4)
12 56
68(A)
27307(4)
21 58
79(A+)
99311(3)
20 54
74(A)
27351(1)
32 45
77(A+)
98351(1)
35 54
89(A+)
27353(1)
36 48
84(A+)
27357(1)
33 56
89(A+)
28357(1)
31 50
81(A+)
27359(1)
33 55
88(A+)
26
01411502716
GOURAV
SID: 190000091890
SchemeID: 190272016001
27301(4)
21 50
71(A)
98301(1)
20 55
75(A+)
27303(4)
18 55
73(A)
28303(4)
18 45
63(B+)
27307(4)
24 46
70(A)
99311(3)
24 60
84(A+)
27351(1)
35 51
86(A+)
98351(1)
35 54
89(A+)
27353(1)
36 50
86(A+)
27357(1)
35 57
92(O)
28357(1)
33 46
79(A+)
27359(1)
38 54
92(O)
26
01511502716
JANESH
SID: 190000091891
SchemeID: 190272016001
27301(4)
11 36
47(C)
98301(1)
17 54
71(A)
27303(4)
13 47
60(B+)
28303(4)
15 33
48(C)
27307(4)
19 37
56(B+)
99311(3)
18 47
65(A)
27351(1)
33 42
75(A+)
98351(1)
32 47
79(A+)
27353(1)
34 38
72(A)
27357(1)
39 48
87(A+)
28357(1)
29 45
74(A)
27359(1)
8 48
56(B+)
26
01711502716
KARTIK NAGIA
SID: 190000091893
SchemeID: 190272016001
27301(4)
20 48
68(A)
98301(1)
21 58
79(A+)
27303(4)
22 51
73(A)
28303(4)
11 43
54(B)
27307(4)
23 45
68(A)
99311(3)
24 50
74(A)
27351(1)
31 42
73(A)
98351(1)
36 50
86(A+)
27353(1)
36 50
86(A+)
27357(1)
34 52
86(A+)
28357(1)
32 48
80(A+)
27359(1)
37 49
86(A+)
26
01811502716
KARTIK SACHDEVA
SID: 190000091894
SchemeID: 190272016001
27301(4)
21 46
67(A)
98301(1)
19 51
70(A)
27303(4)
18 53
71(A)
28303(4)
21 40
61(B+)
27307(4)
25 51
76(A+)
99311(3)
23 49
72(A)
27351(1)
32 51
83(A+)
98351(1)
36 52
88(A+)
27353(1)
37 48
85(A+)
27357(1)
34 56
90(O)
28357(1)
33 49
82(A+)
27359(1)
36 58
94(O)
26
01911502716
KASHISH SEHGAL
SID: 190000091895
SchemeID: 190272016001
27301(4)
21 55
76(A+)
98301(1)
21 50
71(A)
27303(4)
23 60
83(A+)
28303(4)
21 68
89(A+)
27307(4)
25 52
77(A+)
99311(3)
23 59
82(A+)
27351(1)
35 52
87(A+)
98351(1)
35 54
89(A+)
27353(1)
37 49
86(A+)
27357(1)
35 55
90(O)
28357(1)
32 50
82(A+)
27359(1)
32 50
82(A+)
26
02111502716
MANIK SEJWAL
SID: 190000091897
SchemeID: 190272016001
27301(4)
16 23
40(P)*
98301(1)
18 42
60(B+)
27303(4)
16 38
54(B)
28303(4)
10 37
47(C)
27307(4)
19 24
43(P)
99311(3)
20 43
63(B+)
27351(1)
32 45
77(A+)
98351(1)
35 49
84(A+)
27353(1)
34 35
69(A)
27357(1)
33 53
86(A+)
28357(1)
30 45
75(A+)
27359(1)
33 50
83(A+)
26
02211502716
PRASHANT CHAND
SID: 190000091898
SchemeID: 190272016001
27301(4)
22 31
53(B)
98301(1)
21 50
71(A)
27303(4)
19 48
67(A)
28303(4)
16 38
54(B)
27307(4)
24 32
56(B+)
99311(3)
23 54
77(A+)
27351(1)
32 44
76(A+)
98351(1)
33 47
80(A+)
27353(1)
35 39
74(A)
27357(1)
33 51
84(A+)
28357(1)
31 45
76(A+)
27359(1)
38 49
87(A+)
26
RESULT TABULATION SHEET
Result Prepared on: 16/04/2019
Result Declared on: 16/04/2019
Page No.: 0091
LEGEND
PAPERID(CREDITS)
Internal External
TOTAL(GRADE)
A: Absent C: Cancelled
D: Detained RL: Result Later
CS: Credits Secured
AP: Already Passed
Result of Programme Code: 027 Programme Name: BACHELOR OF TECHNOLOGY (COMPUTER SCIENCE AND ENGINEERING) Sem./Year: 05 SEMESTER Batch: 2016 Examination: REGULAR December, 2018
S.No. Photo. Roll no./Name CS/Remarks Institution Code: 115 Institution: BHARATI VIDYAPEETH COLLEGE OF ENGINEERING
21
22
23
24
25
26
27
28
29
30
*Passed with Grace Marks
*SID: Student ID; SchemeID: The scheme applicable to the student.
Date on which pdf made: 18/04/2019
RTSID: 2019041602720161150091
02411502716
RAJAN KHORWAL
SID: 190000091900
SchemeID: 190272016001
27301(4)
17 37
54(B)
98301(1)
17 55
72(A)
27303(4)
15 45
60(B+)
28303(4)
13 39
52(B)
27307(4)
23 42
65(A)
99311(3)
21 44
65(A)
27351(1)
33 43
76(A+)
98351(1)
34 42
76(A+)
27353(1)
36 47
83(A+)
27357(1)
35 50
85(A+)
28357(1)
31 46
77(A+)
27359(1)
28 51
79(A+)
26
02511502716
RAJAT GARG
SID: 190000091901
SchemeID: 190272016001
27301(4)
17 40
57(B+)
98301(1)
19 58
77(A+)
27303(4)
12 51
63(B+)
28303(4)
10 38
48(C)
27307(4)
24 47
71(A)
99311(3)
18 48
66(A)
27351(1)
34 49
83(A+)
98351(1)
32 50
82(A+)
27353(1)
34 45
79(A+)
27357(1)
31 49
80(A+)
28357(1)
26 52
78(A+)
27359(1)
30 48
78(A+)
26
02611502716
RAKSHIT
SID: 190000091902
SchemeID: 190272016001
27301(4)
16 35
51(B)
98301(1)
17 56
73(A)
27303(4)
17 41
58(B+)
28303(4)
13 39
52(B)
27307(4)
17 33
50(B)
99311(3)
17 45
62(B+)
27351(1)
32 45
77(A+)
98351(1)
34 51
85(A+)
27353(1)
33 42
75(A+)
27357(1)
30 49
79(A+)
28357(1)
28 46
74(A)
27359(1)
30 53
83(A+)
26
02711502716
RAKSHIT JOSHI
SID: 190000091903
SchemeID: 190272016001
27301(4)
11 18
29(F)
98301(1)
18 47
65(A)
27303(4)
17 45
62(B+)
28303(4)
9 12
21(F)
27307(4)
13 32
45(C)
99311(3)
18 45
63(B+)
27351(1)
28 45
73(A)
98351(1)
34 54
88(A+)
27353(1)
31 48
79(A+)
27357(1)
30 50
80(A+)
28357(1)
33 48
81(A+)
27359(1)
37 54
91(O)
18
02811502716
RISHABH SINGH
SID: 190000091904
SchemeID: 190272016001
27301(4)
15 36
51(B)
98301(1)
19 51
70(A)
27303(4)
20 50
70(A)
28303(4)
19 41
60(B+)
27307(4)
20 48
68(A)
99311(3)
23 54
77(A+)
27351(1)
32 46
78(A+)
98351(1)
32 52
84(A+)
27353(1)
29 42
71(A)
27357(1)
31 50
81(A+)
28357(1)
33 52
85(A+)
27359(1)
29 54
83(A+)
26
02911502716
SAMYAK VEDPRAKASH
SID: 190000091905
SchemeID: 190272016001
27301(4)
8 6
14(F)
98301(1)
10 34
44(P)
27303(4)
10 40
50(B)
28303(4)
4 26
30(F)
27307(4)
10 26
40(P)*
99311(3)
18 40
58(B+)
27351(1)
27 35
62(B+)
98351(1)
30 52
82(A+)
27353(1)
28 35
63(B+)
27357(1)
27 48
75(A+)
28357(1)
16 44
60(B+)
27359(1)
17 48
65(A)
18
03011502716
SHARAD VERMA
SID: 190000091906
SchemeID: 190272016001
27301(4)
18 43
61(B+)
98301(1)
23 55
78(A+)
27303(4)
23 54
77(A+)
28303(4)
15 40
55(B+)
27307(4)
23 50
73(A)
99311(3)
19 52
71(A)
27351(1)
36 50
86(A+)
98351(1)
33 56
89(A+)
27353(1)
35 52
87(A+)
27357(1)
35 53
88(A+)
28357(1)
34 48
82(A+)
27359(1)
32 49
81(A+)
26
03111502716
SHARAT SACHIN
SID: 190000091907
SchemeID: 190272016001
27301(4)
19 47
66(A)
98301(1)
23 55
78(A+)
27303(4)
17 68
85(A+)
28303(4)
19 66
85(A+)
27307(4)
24 50
74(A)
99311(3)
24 51
75(A+)
27351(1)
37 45
82(A+)
98351(1)
32 50
82(A+)
27353(1)
37 50
87(A+)
27357(1)
34 54
88(A+)
28357(1)
34 50
84(A+)
27359(1)
32 52
84(A+)
26
03211502716
SHRAY MOZA
SID: 190000091908
SchemeID: 190272016001
27301(4)
14 45
59(B+)
98301(1)
21 60
81(A+)
27303(4)
19 38
57(B+)
28303(4)
16 36
52(B)
27307(4)
19 53
72(A)
99311(3)
19 44
63(B+)
27351(1)
32 48
80(A+)
98351(1)
33 55
88(A+)
27353(1)
37 51
88(A+)
27357(1)
31 49
80(A+)
28357(1)
34 45
79(A+)
27359(1)
32 49
81(A+)
26
03511502716
TANYA GUPTA
SID: 190000091911
SchemeID: 190272016001
27301(4)
24 47
71(A)
98301(1)
24 56
80(A+)
27303(4)
22 50
72(A)
28303(4)
22 67
89(A+)
27307(4)
25 57
82(A+)
99311(3)
24 70
94(O)
27351(1)
35 39
74(A)
98351(1)
37 58
95(O)
27353(1)
37 49
86(A+)
27357(1)
34 56
90(O)
28357(1)
33 50
83(A+)
27359(1)
36 55
91(O)
26
RESULT TABULATION SHEET
Result Prepared on: 16/04/2019
Result Declared on: 16/04/2019
Page No.: 0092
LEGEND
PAPERID(CREDITS)
Internal External
TOTAL(GRADE)
A: Absent C: Cancelled
D: Detained RL: Result Later
CS: Credits Secured
AP: Already Passed
Result of Programme Code: 027 Programme Name: BACHELOR OF TECHNOLOGY (COMPUTER SCIENCE AND ENGINEERING) Sem./Year: 05 SEMESTER Batch: 2016 Examination: REGULAR December, 2018
S.No. Photo. Roll no./Name CS/Remarks Institution Code: 115 Institution: BHARATI VIDYAPEETH COLLEGE OF ENGINEERING
31
32
33
34
35
36
37
38
39
40
*Passed with Grace Marks
*SID: Student ID; SchemeID: The scheme applicable to the student.
Date on which pdf made: 18/04/2019
RTSID: 2019041602720161150092
03611502716
UTKARSH KANSAL
SID: 190000091912
SchemeID: 190272016001
27301(4)
20 49
69(A)
98301(1)
22 54
76(A+)
27303(4)
19 50
69(A)
28303(4)
20 53
73(A)
27307(4)
22 40
62(B+)
99311(3)
23 48
71(A)
27351(1)
38 50
88(A+)
98351(1)
33 56
89(A+)
27353(1)
38 38
76(A+)
27357(1)
36 57
93(O)
28357(1)
35 50
85(A+)
27359(1)
38 56
94(O)
26
03711502716
VAIBHAV KUMAR
SID: 190000091913
SchemeID: 190272016001
27301(4)
20 44
64(B+)
98301(1)
23 56
79(A+)
27303(4)
19 24
43(P)
28303(4)
18 43
61(B+)
27307(4)
21 48
69(A)
99311(3)
20 49
69(A)
27351(1)
35 48
83(A+)
98351(1)
32 53
85(A+)
27353(1)
37 43
80(A+)
27357(1)
35 55
90(O)
28357(1)
35 46
81(A+)
27359(1)
32 52
84(A+)
26
03811502716
YATIKA
SID: 190000091914
SchemeID: 190272016001
27301(4)
18 45
63(B+)
98301(1)
22 55
77(A+)
27303(4)
15 35
50(B)
28303(4)
17 40
57(B+)
27307(4)
24 36
60(B+)
99311(3)
21 45
66(A)
27351(1)
32 39
71(A)
98351(1)
38 55
93(O)
27353(1)
37 53
90(O)
27357(1)
33 55
88(A+)
28357(1)
34 48
82(A+)
27359(1)
33 52
85(A+)
26
20111502716
STUTI JUYAL
SID: 190000096909
SchemeID: 190272016001
27301(4)
22 58
80(A+)
98301(1)
24 59
83(A+)
27303(4)
17 48
65(A)
28303(4)
15 50
65(A)
27307(4)
23 60
83(A+)
99311(3)
23 69
92(O)
27351(1)
30 45
75(A+)
98351(1)
34 58
92(O)
27353(1)
35 49
84(A+)
27357(1)
29 53
82(A+)
28357(1)
33 49
82(A+)
27359(1)
37 51
88(A+)
26
20211502716
CHIRAG KILLA
SID: 190000091701
SchemeID: 190272016001
27301(4)
21 58
79(A+)
98301(1)
24 54
78(A+)
27303(4)
22 64
86(A+)
28303(4)
20 54
74(A)
27307(4)
23 53
76(A+)
99311(3)
22 58
80(A+)
27351(1)
35 50
85(A+)
98351(1)
39 53
92(O)
27353(1)
39 45
84(A+)
27357(1)
38 57
95(O)
28357(1)
35 46
81(A+)
27359(1)
36 56
92(O)
26
20311502716
NISHANT GUPTA
SID: 190000091671
SchemeID: 190272016001
27301(4)
21 53
74(A)
98301(1)
20 60
80(A+)
27303(4)
16 53
69(A)
28303(4)
14 49
63(B+)
27307(4)
25 51
76(A+)
99311(3)
22 65
87(A+)
27351(1)
32 45
77(A+)
98351(1)
35 56
91(O)
27353(1)
33 42
75(A+)
27357(1)
29 50
79(A+)
28357(1)
32 50
82(A+)
27359(1)
30 51
81(A+)
26
35111502716
ABHISHEK KATHURIA
SID: 190000091916
SchemeID: 190272016001
27301(4)
18 54
72(A)
98301(1)
23 51
74(A)
27303(4)
22 46
68(A)
28303(4)
14 37
51(B)
27307(4)
23 43
66(A)
99311(3)
21 51
72(A)
27351(1)
33 46
79(A+)
98351(1)
37 54
91(O)
27353(1)
38 49
87(A+)
27357(1)
35 54
89(A+)
28357(1)
34 45
79(A+)
27359(1)
32 54
86(A+)
26
35211502716
GURVINDER PAL SINGH
SID: 190000091917
SchemeID: 190272016001
27301(4)
17 49
66(A)
98301(1)
23 56
79(A+)
27303(4)
18 49
67(A)
28303(4)
13 40
53(B)
27307(4)
17 45
62(B+)
99311(3)
21 46
67(A)
27351(1)
32 49
81(A+)
98351(1)
39 57
96(O)
27353(1)
36 50
86(A+)
27357(1)
31 52
83(A+)
28357(1)
33 50
83(A+)
27359(1)
31 52
83(A+)
26
35311502716
MANAN PULIYANI
SID: 190000091918
SchemeID: 190272016001
27301(4)
22 52
74(A)
98301(1)
23 46
69(A)
27303(4)
24 44
68(A)
28303(4)
16 67
83(A+)
27307(4)
23 46
69(A)
99311(3)
22 51
73(A)
27351(1)
34 50
84(A+)
98351(1)
37 58
95(O)
27353(1)
38 55
93(O)
27357(1)
35 54
89(A+)
28357(1)
33 46
79(A+)
27359(1)
35 51
86(A+)
26
35411502716
NAVYA MAHAJAN
SID: 190000091919
SchemeID: 190272016001
27301(4)
11 41
52(B)
98301(1)
18 66
84(A+)
27303(4)
19 44
63(B+)
28303(4)
10 47
57(B+)
27307(4)
21 55
76(A+)
99311(3)
22 59
81(A+)
27351(1)
28 45
73(A)
98351(1)
31 58
89(A+)
27353(1)
35 42
77(A+)
27357(1)
31 51
82(A+)
28357(1)
33 47
80(A+)
27359(1)
25 52
77(A+)
26
RESULT TABULATION SHEET
Result Prepared on: 16/04/2019
Result Declared on: 16/04/2019
Page No.: 0093
LEGEND
PAPERID(CREDITS)
Internal External
TOTAL(GRADE)
A: Absent C: Cancelled
D: Detained RL: Result Later
CS: Credits Secured
AP: Already Passed
Result of Programme Code: 027 Programme Name: BACHELOR OF TECHNOLOGY (COMPUTER SCIENCE AND ENGINEERING) Sem./Year: 05 SEMESTER Batch: 2016 Examination: REGULAR December, 2018
S.No. Photo. Roll no./Name CS/Remarks Institution Code: 115 Institution: BHARATI VIDYAPEETH COLLEGE OF ENGINEERING
41
42
43
44
45
46
47
48
49
50
*Passed with Grace Marks
*SID: Student ID; SchemeID: The scheme applicable to the student.
Date on which pdf made: 18/04/2019
RTSID: 2019041602720161150093
35511502716
RISHABH UPADHYAY
SID: 190000091920
SchemeID: 190272016001
27301(4)
11 42
53(B)
98301(1)
18 43
61(B+)
27303(4)
11 35
46(C)
28303(4)
13 34
47(C)
27307(4)
14 46
60(B+)
99311(3)
16 63
79(A+)
27351(1)
28 48
76(A+)
98351(1)
27 53
80(A+)
27353(1)
27 43
70(A)
27357(1)
22 50
72(A)
28357(1)
20 45
65(A)
27359(1)
28 54
82(A+)
26
35611502716
SHIVANI AGGARWAL
SID: 190000091921
SchemeID: 190272016001
27301(4)
15 47
62(B+)
98301(1)
23 59
82(A+)
27303(4)
23 55
78(A+)
28303(4)
13 61
74(A)
27307(4)
24 64
88(A+)
99311(3)
23 57
80(A+)
27351(1)
34 49
83(A+)
98351(1)
36 57
93(O)
27353(1)
37 49
86(A+)
27357(1)
31 51
82(A+)
28357(1)
34 48
82(A+)
27359(1)
39 57
96(O)
26
40111502716
MUSKAN JAIN
SID: 190000091922
SchemeID: 190272016001
27301(4)
23 53
76(A+)
98301(1)
23 68
91(O)
27303(4)
22 60
82(A+)
28303(4)
14 51
65(A)
27307(4)
25 66
91(O)
99311(3)
23 57
80(A+)
27351(1)
37 48
85(A+)
98351(1)
38 53
91(O)
27353(1)
37 56
93(O)
27357(1)
35 55
90(O)
28357(1)
34 49
83(A+)
27359(1)
34 55
89(A+)
26
40211502716
YASH UPADHYAY
SID: 190000091923
SchemeID: 190272016001
27301(4)
16 18
40(P)*
98301(1)
17 41
58(B+)
27303(4)
16 36
52(B)
28303(4)
9 32
41(P)
27307(4)
18 27
45(C)
99311(3)
17 39
56(B+)
27351(1)
32 51
83(A+)
98351(1)
32 53
85(A+)
27353(1)
35 49
84(A+)
27357(1)
34 55
89(A+)
28357(1)
35 47
82(A+)
27359(1)
34 56
90(O)
26
40411502716
SHIVAM SINGH
SID: 190000091925
SchemeID: 190272016001
27301(4)
17 50
67(A)
98301(1)
17 59
76(A+)
27303(4)
19 47
66(A)
28303(4)
13 62
75(A+)
27307(4)
20 38
58(B+)
99311(3)
20 54
74(A)
27351(1)
28 43
71(A)
98351(1)
36 51
87(A+)
27353(1)
32 45
77(A+)
27357(1)
28 53
81(A+)
28357(1)
32 50
82(A+)
27359(1)
8 49
57(B+)
26
40511502716
RISHABH JAIN
SID: 190000091926
SchemeID: 190272016001
27301(4)
17 33
50(B)
98301(1)
18 53
71(A)
27303(4)
19 53
72(A)
28303(4)
18 43
61(B+)
27307(4)
21 32
53(B)
99311(3)
19 58
77(A+)
27351(1)
30 45
75(A+)
98351(1)
34 52
86(A+)
27353(1)
35 42
77(A+)
27357(1)
32 50
82(A+)
28357(1)
34 50
84(A+)
27359(1)
30 49
79(A+)
26
40611502716
TUSHAR MITROO
SID: 190000091927
SchemeID: 190272016001
27301(4)
17 22
40(P)*
98301(1)
19 59
78(A+)
27303(4)
19 45
64(B+)
28303(4)
16 58
74(A)
27307(4)
20 40
60(B+)
99311(3)
19 61
80(A+)
27351(1)
36 47
83(A+)
98351(1)
35 56
91(O)
27353(1)
34 52
86(A+)
27357(1)
35 53
88(A+)
28357(1)
35 45
80(A+)
27359(1)
30 51
81(A+)
26
40711502716
PULKIT KOGTA
SID: 190000091928
SchemeID: 190272016001
27301(4)
24 29
53(B)
98301(1)
23 62
85(A+)
27303(4)
20 46
66(A)
28303(4)
19 48
67(A)
27307(4)
24 45
69(A)
99311(3)
24 47
71(A)
27351(1)
37 48
85(A+)
98351(1)
39 58
97(O)
27353(1)
36 50
86(A+)
27357(1)
36 55
91(O)
28357(1)
35 50
85(A+)
27359(1)
32 57
89(A+)
26
40811502716
SUMIT YADAV
SID: 190000091929
SchemeID: 190272016001
27301(4)
20 37
57(B+)
98301(1)
21 55
76(A+)
27303(4)
20 51
71(A)
28303(4)
16 45
61(B+)
27307(4)
21 44
65(A)
99311(3)
19 45
64(B+)
27351(1)
31 45
76(A+)
98351(1)
34 57
91(O)
27353(1)
35 43
78(A+)
27357(1)
32 50
82(A+)
28357(1)
33 48
81(A+)
27359(1)
36 55
91(O)
26
40911502716
ANUBHAV SINGH
SID: 190000091930
SchemeID: 190272016001
27301(4)
19 44
63(B+)
98301(1)
22 74
96(O)
27303(4)
23 49
72(A)
28303(4)
15 57
72(A)
27307(4)
24 45
69(A)
99311(3)
23 51
74(A)
27351(1)
34 49
83(A+)
98351(1)
36 57
93(O)
27353(1)
38 54
92(O)
27357(1)
35 54
89(A+)
28357(1)
34 51
85(A+)
27359(1)
29 52
81(A+)
26
RESULT TABULATION SHEET
Result Prepared on: 16/04/2019
Result Declared on: 16/04/2019
Page No.: 0094
LEGEND
PAPERID(CREDITS)
Internal External
TOTAL(GRADE)
A: Absent C: Cancelled
D: Detained RL: Result Later
CS: Credits Secured
AP: Already Passed
Result of Programme Code: 027 Programme Name: BACHELOR OF TECHNOLOGY (COMPUTER SCIENCE AND ENGINEERING) Sem./Year: 05 SEMESTER Batch: 2016 Examination: REGULAR December, 2018
S.No. Photo. Roll no./Name CS/Remarks Institution Code: 115 Institution: BHARATI VIDYAPEETH COLLEGE OF ENGINEERING
51
52
53
54
55
56
57
58
59
60
*Passed with Grace Marks
*SID: Student ID; SchemeID: The scheme applicable to the student.
Date on which pdf made: 18/04/2019
RTSID: 2019041602720161150094
41011502716
VAIBHAV GOEL
SID: 190000091931
SchemeID: 190272016001
27301(4)
23 43
66(A)
98301(1)
20 52
72(A)
27303(4)
20 63
83(A+)
28303(4)
20 61
81(A+)
27307(4)
25 59
84(A+)
99311(3)
22 55
77(A+)
27351(1)
35 51
86(A+)
98351(1)
37 56
93(O)
27353(1)
37 45
82(A+)
27357(1)
36 56
92(O)
28357(1)
34 46
80(A+)
27359(1)
25 51
76(A+)
26
41111502716
ANSHUMAN KARNANI
SID: 190000091932
SchemeID: 190272016001
27301(4)
16 40
56(B+)
98301(1)
20 46
66(A)
27303(4)
18 40
58(B+)
28303(4)
14 54
68(A)
27307(4)
21 50
71(A)
99311(3)
20 55
75(A+)
27351(1)
31 50
81(A+)
98351(1)
36 56
92(O)
27353(1)
35 45
80(A+)
27357(1)
32 50
82(A+)
28357(1)
33 48
81(A+)
27359(1)
32 54
86(A+)
26
41211502716
ABHA TRIPATHI
SID: 190000091933
SchemeID: 190272016001
27301(4)
22 60
82(A+)
98301(1)
22 58
80(A+)
27303(4)
24 55
79(A+)
28303(4)
17 67
84(A+)
27307(4)
25 60
85(A+)
99311(3)
24 63
87(A+)
27351(1)
33 50
83(A+)
98351(1)
39 55
94(O)
27353(1)
39 46
85(A+)
27357(1)
36 57
93(O)
28357(1)
35 47
82(A+)
27359(1)
38 57
95(O)
26
41611502716
JIGYASHU RAJPUT
SID: 190000091937
SchemeID: 190272016001
27301(4)
20 23
43(P)
98301(1)
19 41
60(B+)
27303(4)
17 43
60(B+)
28303(4)
14 42
56(B+)
27307(4)
23 43
66(A)
99311(3)
17 37
54(B)
27351(1)
29 45
74(A)
98351(1)
32 52
84(A+)
27353(1)
35 47
82(A+)
27357(1)
32 50
82(A+)
28357(1)
33 48
81(A+)
27359(1)
33 54
87(A+)
26
60111502716
AMANDEEP SINGH JAGGI
SID: 190000093286
SchemeID: 190272016001
27301(4)
11 37
48(C)
98301(1)
21 50
71(A)
27303(4)
17 43
60(B+)
28303(4)
14 43
57(B+)
27307(4)
17 36
53(B)
99311(3)
22 68
90(O)
27351(1)
30 46
76(A+)
98351(1)
30 56
86(A+)
27353(1)
35 40
75(A+)
27357(1)
34 50
84(A+)
28357(1)
34 46
80(A+)
27359(1)
29 54
83(A+)
26
65111502716
RISHABH JAIN
SID: 190000105890
SchemeID: 190272016004
27301(4)
15 40
55(B+)
98301(1)
20 58
78(A+)
27303(4)
17 45
62(B+)
28303(4)
11 32
43(P)
27307(4)
22 34
56(B+)
99311(3)
20 50
70(A)
27351(1)
33 44
77(A+)
98351(1)
37 53
90(O)
27353(1)
34 42
76(A+)
27357(1)
30 50
80(A+)
28357(1)
33 48
81(A+)
27359(1)
32 50
82(A+)
26
65211502716
JUSLEEN KAUR REKHI
SID: 190000105891
SchemeID: 190272016004
27301(4)
20 59
79(A+)
98301(1)
23 56
79(A+)
27303(4)
25 63
88(A+)
28303(4)
18 62
80(A+)
27307(4)
25 56
81(A+)
99311(3)
24 60
84(A+)
27351(1)
35 53
88(A+)
98351(1)
37 57
94(O)
27353(1)
38 55
93(O)
27357(1)
36 55
91(O)
28357(1)
33 47
80(A+)
27359(1)
34 55
89(A+)
26
65311502716
ANMOL SAXENA
SID: 190000105892
SchemeID: 190272016004
27301(4)
19 47
66(A)
98301(1)
24 56
80(A+)
27303(4)
24 63
87(A+)
28303(4)
13 65
78(A+)
27307(4)
23 56
79(A+)
99311(3)
23 48
71(A)
27351(1)
33 51
84(A+)
98351(1)
39 60
99(O)
27353(1)
38 55
93(O)
27357(1)
36 56
92(O)
28357(1)
35 47
82(A+)
27359(1)
34 53
87(A+)
26
65411502716
ISHAN GOYAL
SID: 190000105893
SchemeID: 190272016004
27301(4)
10 31
41(P)
98301(1)
10 50
60(B+)
27303(4)
19 41
60(B+)
28303(4)
7 27
40(P)*
27307(4)
17 39
56(B+)
99311(3)
17 48
65(A)
27351(1)
30 45
75(A+)
98351(1)
34 56
90(O)
27353(1)
30 48
78(A+)
27357(1)
29 50
79(A+)
28357(1)
32 46
78(A+)
27359(1)
28 50
78(A+)
26
00111507217
AANCHAL MER
SID: 190000105120
SchemeID: 190272016002
27301(4)
20 48
68(A)
98301(1)
24 57
81(A+)
27303(4)
22 57
79(A+)
28303(4)
16 59
75(A+)
27307(4)
24 48
72(A)
99311(3)
24 63
87(A+)
27351(1)
33 51
84(A+)
98351(1)
39 58
97(O)
27353(1)
39 55
94(O)
27357(1)
35 54
89(A+)
28357(1)
35 50
85(A+)
27359(1)
34 54
88(A+)
26
RESULT TABULATION SHEET
Result Prepared on: 16/04/2019
Result Declared on: 16/04/2019
Page No.: 0095
LEGEND
PAPERID(CREDITS)
Internal External
TOTAL(GRADE)
A: Absent C: Cancelled
D: Detained RL: Result Later
CS: Credits Secured
AP: Already Passed
Result of Programme Code: 027 Programme Name: BACHELOR OF TECHNOLOGY (COMPUTER SCIENCE AND ENGINEERING) Sem./Year: 05 SEMESTER Batch: 2016 Examination: REGULAR December, 2018
S.No. Photo. Roll no./Name CS/Remarks Institution Code: 115 Institution: BHARATI VIDYAPEETH COLLEGE OF ENGINEERING
61
62
63
64
65
66
67
68
69
70
*Passed with Grace Marks
*SID: Student ID; SchemeID: The scheme applicable to the student.
Date on which pdf made: 18/04/2019
RTSID: 2019041602720161150095
00211507217
GAURAV GARG
SID: 190000105121
SchemeID: 190272016002
27301(4)
17 36
53(B)
98301(1)
16 64
80(A+)
27303(4)
22 52
74(A)
28303(4)
12 51
63(B+)
27307(4)
22 55
77(A+)
99311(3)
22 62
84(A+)
27351(1)
32 40
72(A)
98351(1)
37 52
89(A+)
27353(1)
36 40
76(A+)
27357(1)
35 53
88(A+)
28357(1)
35 45
80(A+)
27359(1)
32 51
83(A+)
26
00311507217
MANISHA KUMARI
SID: 190000105122
SchemeID: 190272016002
27301(4)
19 48
67(A)
98301(1)
21 55
76(A+)
27303(4)
20 62
82(A+)
28303(4)
9 47
56(B+)
27307(4)
23 64
87(A+)
99311(3)
20 48
68(A)
27351(1)
33 51
84(A+)
98351(1)
38 56
94(O)
27353(1)
36 39
75(A+)
27357(1)
36 52
88(A+)
28357(1)
35 48
83(A+)
27359(1)
34 54
88(A+)
26
00411507217
MOHD SHAQIB
SID: 190000105123
SchemeID: 190272016002
27301(4)
10 42
52(B)
98301(1)
19 61
80(A+)
27303(4)
12 45
57(B+)
28303(4)
11 49
60(B+)
27307(4)
21 52
73(A)
99311(3)
20 55
75(A+)
27351(1)
31 42
73(A)
98351(1)
39 50
89(A+)
27353(1)
37 38
75(A+)
27357(1)
35 51
86(A+)
28357(1)
35 47
82(A+)
27359(1)
29 53
82(A+)
26
35111507217
NEHA SINGH
SID: 190000100544
SchemeID: 190272016002
27301(4)
12 42
54(B)
98301(1)
15 52
67(A)
27303(4)
13 35
48(C)
28303(4)
9 19
28(F)
27307(4)
11 29
40(P)
99311(3)
18 59
77(A+)
27351(1)
31 50
81(A+)
98351(1)
32 52
84(A+)
27353(1)
23 44
67(A)
27357(1)
26 50
76(A+)
28357(1)
35 46
81(A+)
27359(1)
25 51
76(A+)
22
40111507217
MOFIZUL ISLAM
SID: 190000105124
SchemeID: 190272016002
27301(4)
3 23
26(F)
98301(1)
10 44
54(B)
27303(4)
10 40
50(B)
28303(4)
4 62
66(A)
27307(4)
9 23
32(F)
99311(3)
13 42
55(B+)
27351(1)
20 36
56(B+)
98351(1)
23 47
70(A)
27353(1)
29 38
67(A)
27357(1)
18 48
66(A)
28357(1)
15 44
59(B+)
27359(1)
8 A
A
17
99999999999
